1759374118665 0.4830347113100927 0
1759374120652 0.4801562525137149 1
1759374122811 0.4773146594469224 2
1759374125290 0.47450080995918764 3
1759374127375 0.47171325243961254 4
1759374129695 0.46895073985642216 5
1759374132702 0.46621158988355615 6
1759374135016 0.46349435465733896 7
1759374137611 0.46079791740850545 8
1759374139933 0.45812167057387915 9
1759374143029 0.45548855212732975 10
1759374145746 0.45287880413621734 11
1759374148024 0.45028606074621447 12
1759374150509 0.4477086185848879 13
1759374152787 0.4451452907441746 14
