1759373530702 0.4911649784978004 0
1759373532983 0.48896461491952514 1
1759373535716 0.48678517707044516 2
1759373538263 0.48462401998006993 3
1759373540910 0.4824801850660545 4
1759373543604 0.48035272544982865 5
1759373546283 0.4782406805753989 6
1759373549407 0.47614299251214326 7
1759373551982 0.4740582347924124 8
1759373554805 0.4719847641271224 9
1759373557324 0.46992292854106754 10
1759373559427 0.4678727778513145 11
1759373561480 0.4658336056642928 12
1759373563496 0.4638047282662921 13
1759373565844 0.46178548388483776 14
