1759579169326 0.4916206083782036 0
1759579170760 0.4887475618802997 1
1759579171904 0.4859058643498037 2
1759579173067 0.48309394840978137 3
1759579174281 0.4803103256052463 4
1759579175618 0.4775535755288583 5
1759579176911 0.4748223560847224 6
1759579178173 0.47211540148872483 7
1759579179515 0.4694314803113225 8
1759579180858 0.46676941401316036 9
1759579182114 0.46412807453164895 10
1759579183452 0.4615064048140797 11
1759579184744 0.45890346581466523 12
1759579186072 0.4563183719850763 13
1759579187327 0.45375040410720757 14
